   2.02297    1.01424    0.23302 
   0.57880    0.27800    0.14657 
   0.07772    0.00612    0.00551 
   0.04605   -0.02601    0.01438 
   0.03274   -0.07191    0.01117 
   0.06288    0.03259    0.01392 
   0.04146   -0.04559   -0.00520 
   0.04315   -0.03213   -0.07696 
   0.06074    0.03366   -0.05600 
   0.02647   -0.08155    0.01010 
   0.08736    0.12164   -0.07696 
   0.04009   -0.05401   -0.17381 
  -0.04498   -0.00750   -0.04636 
  -0.11016    0.13831    0.08752 
   0.25123   -0.20211   -0.16723 
   0.43529   -0.49312   -0.10266 
   0.16845   -0.16631   -0.03947 
  -0.02540    0.17702    0.14290 
  -0.02723    0.38525    0.18559 
  -0.02968   -0.01071    0.23929 
   0.00092   -0.04253    0.14214 
   0.21053    0.16034   -0.06732 
   0.06610    0.03060    0.06977 
   0.06854   -0.03351   -0.05539 
  -0.04315    0.35236    0.18268 
  -0.00092    0.19018    0.10878 
  -0.11353    0.14657    0.25322 
   0.09287   -0.18727    0.03106 
   0.05860   -0.10557    0.13342 
  -0.01882   -0.14642    0.14382 
   0.07405   -0.29988   -0.02035 
   0.18773   -0.25107   -0.00887 
  -0.03182    0.02402    0.27173 
  -0.08721    0.34517    0.22782 
  -0.06977    0.27617    0.14887 
  -0.01836    0.10236    0.22277 
   0.13877   -0.01102    0.15392 
   0.18284    0.04192    0.02035 
   0.13984    0.00612    0.03305 
   0.03213   -0.34318    0.00230 
   0.05768   -0.31732   -0.02463 
  -0.00230   -0.20701    0.10832 
  -0.00490   -0.11903    0.01454 
   0.06824    0.21940    0.08951 
   0.23180    0.00260   -0.04162 
   0.00826    0.03060    0.01102 
  -0.12546   -0.14260    0.06487 
  -0.03534   -0.20410    0.00643 
   0.08033   -0.07252   -0.05753 
   0.19171    0.01484    0.11062 
   0.20181    0.03764   -0.13495 
  -0.07895    0.09364   -0.13097 
  -0.06824   -0.05554    0.18666 
   0.24465   -0.34716   -0.16310 
   0.49649   -0.24036   -0.40254 
   0.33109    0.16034    0.05309 
   0.09823    0.02157   -0.00627 
  -0.00490   -0.06992    0.09440 
   0.04483   -0.08492    0.15606 
   0.10725    0.16019    0.02555 
   0.04529    0.18957    0.00520 
   0.03488    0.00887    0.14688 
   0.08905   -0.09149    0.02035 
  -0.04697    0.00581    0.03825 
   0.04544   -0.01438    0.01056 
   0.04575   -0.01469    0.01056 
   0.04437   -0.01255    0.01163 
   0.04835   -0.01362    0.00903 
   0.04468   -0.01163    0.01178 
   0.04850   -0.01178    0.01040 
   0.04605   -0.01025    0.00933 
   0.04881   -0.00811    0.01117 
   0.04743   -0.01362    0.01040 
   0.04804   -0.01209    0.01209 
   0.04682   -0.01346    0.01132 
   0.04697   -0.01301    0.01025 
   0.04789   -0.01209    0.01056 
   0.04667   -0.01285    0.00887 
   0.04881   -0.01316    0.01178 
   0.04743   -0.01025    0.01102 
   0.04804   -0.01209    0.01224 
   0.04590   -0.01239    0.01193 
   0.04361   -0.01209    0.01209 
   0.04789   -0.00995    0.01086 
   0.04667   -0.01117    0.01025 
   0.04850   -0.01148    0.01301 
   0.04957   -0.01270    0.00995 
   0.04590   -0.01255    0.01102 
   0.04728   -0.01270    0.01224 
   0.04697   -0.01163    0.00979 
   0.04728   -0.01285    0.01086 
   0.04544   -0.01209    0.01224 
   0.04697   -0.01056    0.01086 
   0.04422   -0.01377    0.01209 
   0.04881   -0.01331    0.01025 
   0.04468   -0.01331    0.00995 
   0.04315   -0.01438    0.01117 
   0.04697   -0.01392    0.01209 
   0.04743   -0.01193    0.01025 
   0.04468   -0.01408    0.01056 
   0.04605   -0.01423    0.01071 
   0.04712   -0.01346    0.01224 
   0.04498   -0.01056    0.01102 
   0.04682   -0.01040    0.00903 
   0.04758   -0.01255    0.01193 
   0.04957   -0.00979    0.00964 
   0.04911   -0.01025    0.00872 
   0.04697   -0.01148    0.00933 
   0.04621   -0.01193    0.01025 
   0.04667   -0.01224    0.01086 
   0.04621   -0.01255    0.00979 
   0.04743   -0.01132    0.01117 
   0.04927   -0.01193    0.01132 
   0.05171   -0.01224    0.00964 
   0.04437   -0.01193    0.01209 
   0.04575   -0.01071    0.01071 
   0.04437   -0.01224    0.00903 
   0.04483   -0.01270    0.01040 
   0.04896   -0.01117    0.00918 
   0.04804   -0.01071    0.00933 
   0.04850   -0.01117    0.01086 
   0.04804   -0.01239    0.01086 
   0.04881   -0.01239    0.01132 
   0.04529   -0.01193    0.01010 
   0.04728   -0.01178    0.01102 
   0.04697   -0.01301    0.01209 
   0.04667   -0.01392    0.00872 
   0.04468   -0.01239    0.01285 
   0.04667   -0.01270    0.01025 
   0.04728   -0.01285    0.01086 
   0.04743   -0.01285    0.01148 
   0.04192   -0.01209    0.01025 
   0.04529   -0.01178    0.00887 
   0.04605   -0.01239    0.01056 
   0.04728   -0.01454    0.01163 
   0.04835   -0.01301    0.00903 
   0.04743   -0.01270    0.01117 
   0.04498   -0.01270    0.01209 
   0.04911   -0.01224    0.01239 
   0.04452   -0.01193    0.01209 
   0.04774   -0.01102    0.01117 
   0.04651   -0.01316    0.01163 
   0.04774   -0.01071    0.01132 
   0.04728   -0.01224    0.01193 
   0.04850   -0.01193    0.01209 
   0.04957   -0.01086    0.01178 
   0.04804   -0.01377    0.01010 
   0.04605   -0.01331    0.01040 
   0.04942   -0.01102    0.00995 
   0.04835   -0.01316    0.01117 
   0.04682   -0.01025    0.01071 
   0.04667   -0.01331    0.01071 
   0.04651   -0.01316    0.00979 
   0.04406   -0.01148    0.01193 
   0.04774   -0.01209    0.01071 
   0.04468   -0.01331    0.01086 
   0.04682   -0.01148    0.01163 
   0.04728   -0.01270    0.01086 
   0.04758   -0.01086    0.00918 
   0.04651   -0.01056    0.01178 
   0.04743   -0.01423    0.01102 
   0.04514   -0.01025    0.01224 
   0.04544   -0.01224    0.01102 
   0.04514   -0.01224    0.01178 
   0.04697   -0.01316    0.01040 
   0.04544   -0.01484    0.01056 
   0.04927   -0.01545    0.01193 
   0.04590   -0.01163    0.01193 
   0.04667   -0.01224    0.01132 
   0.04544   -0.01377    0.01086 
   0.04957   -0.01148    0.01071 
   0.04728   -0.01255    0.01178 
   0.04559   -0.01209    0.01117 
   0.04330   -0.01148    0.00826 
   0.04957   -0.01025    0.01239 
   0.04651   -0.01301    0.01086 
   0.04774   -0.01010    0.01056 
   0.04896   -0.01239    0.01025 
   0.04728   -0.01270    0.01071 
   0.04865   -0.01163    0.00964 
   0.04514   -0.01163    0.01193 
   0.04667   -0.01331    0.01316 
   0.04728   -0.01423    0.01224 
   0.04391   -0.01117    0.01040 
   0.04804   -0.01163    0.01071 
   0.04774   -0.01132    0.01056 
   0.04804   -0.00872    0.01056 
   0.04498   -0.01255    0.01285 
   0.04621   -0.01270    0.01316 
   0.04697   -0.01178    0.01193 
   0.04651   -0.01285    0.01071 
   0.04682   -0.01193    0.01025 
   0.05018   -0.01178    0.01071 
   0.04667   -0.01163    0.01086 
   0.04712   -0.01469    0.01270 
   0.04820   -0.01239    0.01117 
   0.04636   -0.01423    0.01056 
   0.04575   -0.01193    0.00995 
   0.04774   -0.01239    0.01117 
   0.04605   -0.01163    0.01086 
   0.04529   -0.01408    0.01056 
   0.04575   -0.01331    0.01148 
   0.04835   -0.00949    0.01209 
   0.04667   -0.01224    0.01056 
   0.04590   -0.01148    0.01071 
   0.04789   -0.01209    0.01010 
   0.04590   -0.01362    0.01086 
   0.04835   -0.01071    0.01132 
   0.04498   -0.01132    0.01178 
   0.04789   -0.01102    0.01010 
   0.04743   -0.01301    0.01301 
   0.04544   -0.01193    0.01025 
   0.04667   -0.01270    0.00995 
   0.04529   -0.01301    0.01040 
   0.04820   -0.01178    0.01178 
   0.04774   -0.01209    0.01086 
   0.04774   -0.01331    0.01148 
   0.04468   -0.01270    0.01178 
   0.04927   -0.01193    0.01285 
   0.04529   -0.01086    0.01071 
   0.04881   -0.01346    0.01117 
   0.04758   -0.01178    0.01132 
   0.04667   -0.01224    0.01209 
   0.04605   -0.01316    0.01040 
   0.04559   -0.01316    0.01408 
   0.04590   -0.01040    0.01239 
   0.04621   -0.01392    0.01040 
   0.04636   -0.01285    0.01056 
   0.04605   -0.01163    0.01346 
   0.04299   -0.01117    0.01025 
   0.04927   -0.01270    0.01239 
   0.04559   -0.01285    0.01255 
   0.04529   -0.01193    0.01040 
   0.04728   -0.01209    0.01255 
   0.04621   -0.01239    0.01010 
   0.04651   -0.01377    0.01209 
   0.04774   -0.01148    0.00933 
   0.04437   -0.01316    0.01071 
   0.04315   -0.01255    0.00979 
   0.04697   -0.01132    0.01071 
   0.04697   -0.01270    0.00995 
   0.04697   -0.01285    0.01209 
   0.04621   -0.01285    0.01071 
   0.04575   -0.01209    0.01102 
   0.04789   -0.01346    0.00964 
   0.04667   -0.01392    0.00857 
   0.04758   -0.01148    0.01086 
   0.04682   -0.01301    0.01040 
   0.04850   -0.01209    0.01301 
   0.04514   -0.01239    0.01163 
   0.04682   -0.00949    0.01224 
   0.04605   -0.01270    0.00964 
   0.04789   -0.01362    0.01010 
   0.04651   -0.01331    0.01086 
   0.04911   -0.01102    0.01056 
   0.04712   -0.01239    0.01086 
   0.04774   -0.01117    0.01071 
   0.04957   -0.01163    0.00949 
   0.04774   -0.01331    0.01193 
   0.04682   -0.01132    0.01102 
   0.04942   -0.01178    0.00964 
   0.04667   -0.01209    0.00949 
   0.04774   -0.01224    0.01025 
   0.05095   -0.01163    0.01117 
   0.04437   -0.01178    0.01010 
   0.04728   -0.01377    0.01056 
   0.04758   -0.01346    0.01040 
   0.04896   -0.01071    0.00933 
   0.04804   -0.01163    0.01056 
   0.04529   -0.01270    0.01071 
   0.04697   -0.01178    0.01148 
   0.05171   -0.01209    0.00979 
   0.04728   -0.01148    0.01025 
   0.04636   -0.01346    0.01285 
   0.04774   -0.01362    0.01117 
   0.04636   -0.01071    0.01316 
   0.04498   -0.01178    0.01316 
   0.04835   -0.01285    0.01040 
   0.04835   -0.01193    0.01117 
   0.04712   -0.01040    0.00949 
   0.04376   -0.01576    0.00995 
   0.04774   -0.01255    0.01132 
   0.04774   -0.01163    0.01255 
   0.05141   -0.01010    0.01392 
   0.04315   -0.01163    0.01255 
   0.04544   -0.01239    0.01163 
   0.04544   -0.01270    0.01040 
   0.04345   -0.01423    0.00933 
   0.04835   -0.01316    0.01102 
   0.04376   -0.01102    0.01270 
   0.04621   -0.01178    0.01086 
   0.04437   -0.01331    0.01148 
   0.04697   -0.01255    0.01086 
   0.04697   -0.01316    0.01117 
   0.04498   -0.01163    0.01117 
   0.04850   -0.01086    0.01056 
   0.04529   -0.01316    0.01193 
   0.04667   -0.01301    0.01178 
   0.04682   -0.01454    0.00903 
   0.04697   -0.01423    0.01040 
   0.04651   -0.00933    0.01178 
   0.04621   -0.01117    0.01224 
   0.04758   -0.01301    0.01025 
   0.04896   -0.01102    0.01102 
   0.04835   -0.01163    0.01255 
   0.04743   -0.00995    0.01148 
   0.04988   -0.01148    0.01148 
   0.04636   -0.01255    0.00964 
   0.05034   -0.01040    0.01132 
   0.04498   -0.01086    0.01117 
   0.04605   -0.01423    0.01209 
   0.04575   -0.01316    0.01102 
   0.04804   -0.01040    0.00918 
   0.05003   -0.01270    0.01239 
   0.04789   -0.01086    0.01224 
   0.04774   -0.01239    0.01102 
   0.04590   -0.01117    0.00949 
   0.04651   -0.01301    0.01040 
   0.04820   -0.01102    0.01255 
   0.04881   -0.01178    0.01025 
   0.04697   -0.01193    0.01056 
   0.04835   -0.01148    0.00979 
   0.04697   -0.01285    0.01010 
   0.04957   -0.01148    0.01178 
   0.04728   -0.00995    0.01163 
   0.04682   -0.01591    0.01178 
   0.04942   -0.01132    0.00887 
   0.05049   -0.00933    0.00949 
   0.04865   -0.01484    0.01117 
   0.04865   -0.01056    0.01040 
   0.04452   -0.01117    0.01178 
   0.04559   -0.01270    0.01178 
   0.04284   -0.01132    0.01010 
   0.04605   -0.01255    0.01148 
   0.04927   -0.01163    0.01255 
   0.04514   -0.01117    0.01102 
   0.04973   -0.01148    0.00949 
   0.04758   -0.01193    0.01102 
   0.04789   -0.01025    0.00918 
   0.04865   -0.01040    0.01178 
   0.04881   -0.01193    0.01010 
   0.04667   -0.01331    0.01316 
   0.04881   -0.01239    0.01117 
   0.04758   -0.01255    0.01148 
   0.05018   -0.01193    0.00964 
   0.04927   -0.01102    0.01270 
   0.04590   -0.01301    0.01040 
   0.04697   -0.01392    0.01178 
   0.04437   -0.01117    0.01132 
   0.04575   -0.01056    0.01010 
   0.04728   -0.01301    0.00964 
   0.04299   -0.01331    0.01102 
   0.04468   -0.01239    0.01209 
   0.04712   -0.01209    0.01010 
   0.04651   -0.01224    0.00903 
   0.04667   -0.01163    0.01132 
   0.04850   -0.01285    0.01193 
   0.04559   -0.01285    0.01056 
   0.04682   -0.01270    0.01040 
   0.04682   -0.01193    0.01163 
   0.04804   -0.01392    0.01132 
   0.04636   -0.01285    0.01209 
   0.04820   -0.01025    0.00964 
   0.04605   -0.01346    0.01102 
   0.04590   -0.01071    0.01163 
   0.04514   -0.01255    0.00979 
   0.05003   -0.01148    0.01132 
   0.04743   -0.01132    0.01148 
   0.04422   -0.01270    0.00918 
   0.04667   -0.00949    0.01102 
   0.04957   -0.01255    0.01255 
   0.04636   -0.01285    0.01010 
   0.04820   -0.01193    0.01193 
   0.04728   -0.00979    0.01071 
   0.04559   -0.01117    0.01040 
   0.04865   -0.00964    0.01255 
   0.04269   -0.01178    0.01224 
   0.04697   -0.01163    0.01148 
   0.04896   -0.01086    0.01102 
   0.04973   -0.01316    0.01071 
   0.05263   -0.01071    0.01086 
   0.04575   -0.01224    0.01040 
   0.04820   -0.01316    0.01025 
   0.04758   -0.01148    0.01025 
   0.04712   -0.01285    0.00857 
   0.04758   -0.01178    0.01148 
   0.04789   -0.01301    0.01010 
   0.04452   -0.01148    0.01025 
   0.04973   -0.01193    0.01178 
   0.04774   -0.01209    0.01010 
   0.05034   -0.01117    0.01270 
   0.04758   -0.00995    0.01071 
   0.04697   -0.01331    0.01010 
   0.04575   -0.01392    0.00979 
   0.04850   -0.01102    0.01148 
   0.04621   -0.01316    0.01209 
   0.04498   -0.01362    0.00933 
   0.04697   -0.01178    0.00979 
   0.04667   -0.01423    0.01148 
   0.04667   -0.01163    0.01331 
   0.04881   -0.01117    0.00995 
   0.04422   -0.01515    0.01071 
   0.04758   -0.01301    0.01178 
   0.04820   -0.01239    0.01071 
   0.04605   -0.01316    0.01071 
   0.04590   -0.01086    0.01086 
   0.04743   -0.01270    0.01056 
   0.04636   -0.01148    0.01010 
   0.04697   -0.01148    0.01132 
   0.04774   -0.01148    0.01040 
   0.04667   -0.01270    0.01102 
   0.04575   -0.01178    0.01132 
   0.04712   -0.01301    0.01178 
   0.04804   -0.01056    0.01117 
   0.04835   -0.01239    0.01239 
   0.04697   -0.00933    0.01056 
   0.04621   -0.01178    0.01086 
   0.04514   -0.01148    0.00933 
   0.04820   -0.01239    0.01102 
   0.04697   -0.01163    0.01270 
   0.04697   -0.01331    0.01071 
   0.04406   -0.01132    0.01010 
   0.04559   -0.01255    0.00933 
   0.04361   -0.01285    0.01224 
   0.04514   -0.01132    0.01102 
   0.04758   -0.01056    0.01163 
   0.04820   -0.01484    0.01163 
   0.04636   -0.01285    0.01132 
   0.04789   -0.01117    0.00887 
   0.04544   -0.01270    0.01056 
   0.04667   -0.01285    0.01071 
   0.04697   -0.01102    0.01102 
   0.04728   -0.01193    0.00887 
   0.04376   -0.00918    0.01148 
   0.04774   -0.01255    0.01163 
   0.04651   -0.01316    0.01163 
   0.04529   -0.00995    0.00887 
   0.04697   -0.01148    0.00903 
   0.04514   -0.01392    0.01163 
   0.04881   -0.01270    0.01040 
   0.04789   -0.01270    0.01132 
   0.04850   -0.01224    0.01193 
   0.04667   -0.01056    0.01132 
   0.04682   -0.01224    0.01056 
   0.04835   -0.01178    0.00979 
   0.04621   -0.01193    0.00964 
   0.04636   -0.01362    0.01117 
   0.04728   -0.01255    0.00995 
   0.04636   -0.01178    0.01117 
   0.04284   -0.01362    0.01163 
   0.04927   -0.01209    0.01086 
   0.04544   -0.01086    0.00887 
   0.04835   -0.01025    0.01285 
   0.04911   -0.01285    0.01071 
   0.04636   -0.01346    0.00964 
   0.04621   -0.01301    0.01025 
   0.04804   -0.01301    0.00964 
   0.04605   -0.01102    0.01071 
   0.04804   -0.01239    0.01163 
   0.04712   -0.00918    0.01025 
   0.04667   -0.01056    0.01102 
   0.04544   -0.01423    0.01163 
   0.04758   -0.01071    0.01071 
   0.05064   -0.01301    0.01102 
   0.04651   -0.01285    0.01025 
   0.04697   -0.01438    0.01071 
   0.04850   -0.01285    0.01117 
   0.04575   -0.01102    0.00979 
   0.04789   -0.01469    0.01132 
   0.05034   -0.01255    0.01148 
   0.04743   -0.01086    0.01209 
   0.04743   -0.01163    0.01056 
   0.04728   -0.01117    0.01086 
   0.04804   -0.01301    0.01086 
   0.04559   -0.01255    0.01040 
   0.04605   -0.01117    0.01193 
   0.04422   -0.01255    0.01056 
   0.04973   -0.01010    0.01346 
   0.04728   -0.01117    0.01178 
   0.04789   -0.01086    0.00964 
   0.04529   -0.01316    0.01193 
   0.04514   -0.01209    0.01086 
   0.04881   -0.01132    0.01040 
   0.04697   -0.01301    0.00918 
   0.04636   -0.01301    0.01255 
   0.05187   -0.01239    0.01209 
   0.04651   -0.01148    0.01117 
   0.04437   -0.01086    0.01148 
   0.04927   -0.00979    0.00949 
   0.04575   -0.01270    0.01209 
   0.04544   -0.01362    0.01010 
   0.04758   -0.01209    0.01148 
   0.04865   -0.01270    0.01178 
   0.04559   -0.01499    0.01102 
   0.04697   -0.01301    0.01071 
   0.04498   -0.01255    0.00995 
   0.04575   -0.01132    0.01163 
   0.04651   -0.01224    0.01132 
   0.04804   -0.01178    0.01117 
   0.04712   -0.01102    0.00811 
   0.05003   -0.01132    0.00933 
   0.04452   -0.01255    0.01010 
   0.04697   -0.01071    0.00689 
   0.04667   -0.01362    0.00887 
   0.04590   -0.01255    0.01239 
   0.04789   -0.01056    0.01071 
   0.04697   -0.01224    0.01255 
   0.04697   -0.01148    0.01178 
   0.04896   -0.00796    0.01071 
   0.04850   -0.01346    0.00933 
   0.04743   -0.01056    0.01056 
   0.04820   -0.00964    0.01148 
   0.04682   -0.01408    0.01285 
   0.04865   -0.00995    0.00979 
   0.04758   -0.01193    0.01117 
   0.04820   -0.01362    0.01040 
   0.04758   -0.01086    0.01010 
   0.05018   -0.01086    0.01193 
   0.05018   -0.01040    0.01056 
   0.04605   -0.01285    0.01040 
   0.04942   -0.01117    0.00964 
   0.04774   -0.00949    0.01316 
   0.04865   -0.01331    0.01040 
   0.04514   -0.01331    0.01193 
   0.04697   -0.01071    0.01025 
   0.04636   -0.01163    0.00964 
   0.04621   -0.01148    0.01178 
   0.04758   -0.01316    0.01301 
   0.04529   -0.01224    0.01224 
   0.04559   -0.01285    0.01301 
   0.04743   -0.01392    0.01117 
   0.04253   -0.01454    0.01010 
   0.04758   -0.01224    0.01346 
   0.04712   -0.01224    0.01132 
   0.04667   -0.01377    0.01010 
   0.04835   -0.01086    0.01132 
   0.04697   -0.01408    0.00949 
   0.04865   -0.01285    0.01178 
   0.04605   -0.00995    0.01040 
   0.04758   -0.01270    0.01163 
   0.04850   -0.01239    0.01086 
   0.04483   -0.01132    0.01071 
   0.04911   -0.01285    0.01148 
   0.04590   -0.01193    0.01102 
   0.04835   -0.01086    0.01071 
   0.05034   -0.01086    0.01209 
   0.04789   -0.00979    0.01071 
   0.04911   -0.00995    0.01117 
   0.04728   -0.00949    0.01301 
   0.04667   -0.01209    0.01102 
   0.04483   -0.01132    0.01148 
   0.04743   -0.01285    0.01056 
   0.04911   -0.01362    0.01224 
   0.04942   -0.01178    0.01163 
   0.04636   -0.01132    0.01056 
   0.04514   -0.01148    0.01071 
   0.04758   -0.01530    0.00949 
   0.04835   -0.01117    0.01025 
   0.04774   -0.01545    0.01010 
   0.04575   -0.01270    0.01010 
   0.04605   -0.01117    0.00979 
   0.04697   -0.01102    0.01193 
   0.04590   -0.01270    0.01056 
   0.04758   -0.01209    0.01148 
   0.04743   -0.00949    0.01056 
   0.04896   -0.01148    0.01102 
   0.04636   -0.01346    0.01071 
   0.04682   -0.00887    0.00872 
   0.04605   -0.00887    0.00995 
   0.04697   -0.01178    0.01025 
   0.04483   -0.01010    0.01193 
   0.04452   -0.01362    0.01025 
   0.04636   -0.01331    0.01270 
   0.04330   -0.01346    0.01148 
   0.04712   -0.01102    0.01132 
   0.04605   -0.01209    0.01316 
   0.04605   -0.01209    0.00887 
   0.04728   -0.01301    0.01193 
   0.04529   -0.01148    0.00933 
   0.04330   -0.01392    0.01056 
   0.04712   -0.01117    0.01040 
   0.04636   -0.01148    0.01071 
   0.04728   -0.01239    0.01025 
   0.04636   -0.01362    0.01010 
   0.04605   -0.01408    0.00964 
   0.04911   -0.01102    0.01071 
   0.05034   -0.01178    0.00949 
   0.04621   -0.01224    0.01086 
   0.04514   -0.01056    0.00964 
   0.04483   -0.01255    0.01025 
   0.05126   -0.01270    0.00826 
   0.04728   -0.01209    0.00995 
   0.05034   -0.01316    0.01239 
   0.04728   -0.01163    0.01285 
   0.04774   -0.01209    0.01086 
   0.04927   -0.00995    0.00887 
   0.04835   -0.01193    0.00903 
   0.04391   -0.01163    0.00918 
   0.04850   -0.01163    0.01071 
   0.04865   -0.01132    0.01132 
   0.04835   -0.01193    0.01056 
   0.04804   -0.01377    0.00995 
   0.04605   -0.01102    0.01102 
   0.04896   -0.01285    0.00887 
   0.04575   -0.01117    0.01117 
   0.04728   -0.01071    0.01193 
   0.04850   -0.01316    0.01148 
   0.04789   -0.01331    0.01071 
   0.04575   -0.01148    0.01224 
   0.04850   -0.01148    0.01132 
   0.04636   -0.01270    0.01209 
   0.04911   -0.01392    0.00964 
   0.04667   -0.01316    0.00979 
   0.04621   -0.01132    0.01071 
   0.04636   -0.01255    0.01025 
   0.04881   -0.01270    0.01132 
   0.04667   -0.01285    0.01071 
   0.04529   -0.01270    0.01102 
   0.04605   -0.01117    0.01117 
   0.04896   -0.01193    0.01040 
   0.04835   -0.01301    0.01010 
   0.04881   -0.01178    0.01193 
   0.04621   -0.01392    0.01117 
   0.04758   -0.01071    0.00995 
   0.05217   -0.01117    0.00995 
   0.04422   -0.01132    0.01346 
   0.05003   -0.01239    0.01117 
   0.04758   -0.01331    0.01102 
   0.04682   -0.01255    0.01071 
   0.04728   -0.01102    0.00887 
   0.04712   -0.01086    0.00903 
   0.04483   -0.01102    0.01102 
   0.04667   -0.01148    0.01285 
   0.04896   -0.01117    0.01117 
   0.05233   -0.01239    0.01148 
   0.04865   -0.01132    0.01132 
   0.04820   -0.01148    0.01209 
   0.04697   -0.01132    0.01469 
   0.04590   -0.01346    0.01178 
